function f= fun(x)
%目标函数
% f=x(1) + 436*x(2) - (x(1) + x(2)/29)^2 - (2*x(1) + (3*x(2))/29)^2 - (3*x(1) ...
%     + (6*x(2))/29)^2 - (28*x(1) + 14*x(2))^2 - (4*x(1) + (10*x(2))/29)^2 - (29*x(1) ...
%     + 15*x(2))^2 - (5*x(1) + (15*x(2))/29)^2 - (6*x(1) + (21*x(2))/29)^2 - (7*x(1) + ...
%     (28*x(2))/29)^2 - (8*x(1) + (36*x(2))/29)^2 - (9*x(1) + (45*x(2))/29)^2 - (10*x(1) + ...
%     (55*x(2))/29)^2 - (11*x(1) + (66*x(2))/29)^2 - (12*x(1) + (78*x(2))/29)^2 - (13*x(1) + ...
%     (91*x(2))/29)^2 - (14*x(1) + (105*x(2))/29)^2 - (15*x(1) + (120*x(2))/29)^2 - (16*x(1) + ...
%     (136*x(2))/29)^2 - (17*x(1) + (153*x(2))/29)^2 - (18*x(1) + (171*x(2))/29)^2 - (19*x(1) + ...
%     (190*x(2))/29)^2 - (20*x(1) + (210*x(2))/29)^2 - (21*x(1) + (231*x(2))/29)^2 - (22*x(1) + ...
%     (253*x(2))/29)^2 - (23*x(1) + (276*x(2))/29)^2 - (24*x(1) + (300*x(2))/29)^2 - (25*x(1) + ...
%     (325*x(2))/29)^2 - (26*x(1) + (351*x(2))/29)^2 - (27*x(1) + (378*x(2))/29)^2 - x(1)^2 - 30;
f=100*(x(1)^2-x(2))^2+(x(1)-1)^2;

end