function  g=gfun(x)
%目标函数的梯度
% g=[x(1).*-1.7112e+4-x(2).*6.82e+3+1.0;x(1).*-6.82e+3-x(2).*2.884068965517241e+3+4.36e+2];
g=[400*x(1)*(x(1)^2-x(2))+2*(x(1)-1),-200*(x(1)^2-x(2))]';
end